1000
1 0 0 1 1 2 2 1 1 0 1 2 0
2 0 1 2 4 3 1 3 4 5 2 1 0
3 0 1 2 4 4 1 0 2 4 1 0 0
4 0 1 2 3 4 5 6 7 8 9 10 0
5 0 11 11 10 9 6 9 5 1 2 1 0
6 0 6 1 5 9 14 12 7 9 8 7 0
7 0 3 4 4 2 4 9 13 15 17 21 0
8 0 4 1 4 8 10 15 19 17 12 11 0
9 0 6 4 9 13 9 7 6 1 5 6 0
10 0 5 3 4 6 1 6 3 7 10 5 0
11 0 18 18 14 17 16 16 12 9 4 1 0
12 0 27 23 23 20 15 12 8 4 6 1 0
13 0 11 8 5 6 6 6 9 6 5 1 0
14 0 1 3 4 8 12 11 13 8 10 8 0
15 0 9 10 10 7 7 10 7 4 6 1 0
16 0 5 10 9 5 8 7 9 5 5 1 0
17 0 11 13 9 9 10 5 10 5 2 1 0
18 0 10 10 12 10 10 5 2 1 6 3 0
19 0 2 3 1 5 2 6 6 1 4 5 0
20 0 6 9 6 1 5 3 6 2 6 10 0
21 0 12 7 8 4 2 1 3 7 7 8 0
22 0 7 3 8 7 8 5 1 4 9 7 0
23 0 3 6 8 6 1 6 7 8 4 2 0
24 0 9 5 4 8 5 1 4 9 4 5 0
25 0 9 11 13 14 11 6 5 10 5 1 0
26 0 5 9 8 9 4 6 5 1 3 8 0
27 0 5 6 5 8 9 7 12 10 15 16 0
28 0 11 7 6 1 6 11 15 10 12 8 0
29 0 4 5 1 4 9 14 10 7 9 13 0
30 0 9 13 15 10 9 8 10 6 1 5 0
31 0 6 5 4 7 6 1 5 3 3 7 0
32 0 15 15 13 10 7 5 1 4 9 8 0
33 0 5 3 5 5 2 1 6 3 6 8 0
34 0 9 5 4 1 5 5 5 1 2 1 0
35 0 10 15 11 6 4 4 9 4 1 4 0
36 0 10 5 2 1 4 7 2 7 10 9 0
37 0 1 5 10 12 9 13 18 16 21 18 0
38 0 8 3 4 8 5 1 4 5 9 9 0
39 0 6 11 16 21 16 11 9 8 9 7 0
40 0 6 6 7 9 5 5 1 6 5 7 0
41 0 6 1 2 7 3 6 6 7 12 15 0
42 0 2 5 1 5 10 10 11 11 11 13 0
43 0 7 8 13 10 9 5 2 1 4 4 0
44 0 1 6 6 5 10 11 9 7 7 8 0
45 0 6 3 1 5 4 3 2 6 4 3 0
46 0 4 4 1 1 2 3 5 2 3 5 0
47 0 12 7 12 8 5 9 6 3 1 2 0
48 0 16 15 15 13 9 7 4 1 4 6 0
49 0 16 11 10 5 2 5 1 2 2 5 0
50 0 6 9 8 6 4 7 10 6 7 9 0
51 0 7 3 1 1 6 9 14 14 15 19 0
52 0 5 9 9 14 12 9 13 13 8 11 0
53 0 3 5 6 7 7 12 12 12 13 15 0
54 0 1 2 4 9 11 14 13 10 7 4 0
55 0 12 8 9 9 4 1 6 11 10 8 0
56 0 5 6 1 5 6 8 8 9 6 4 0
57 0 7 7 4 1 4 4 4 9 7 5 0
58 0 2 4 1 3 5 5 5 6 3 5 0
59 0 10 13 18 13 8 3 1 1 2 6 0
60 0 9 5 1 3 6 9 5 10 12 10 0
61 0 4 3 1 5 1 6 4 8 7 12 0
62 0 10 8 9 11 6 10 6 1 6 2 0
63 0 13 11 11 12 7 3 1 4 7 8 0
64 0 8 6 9 7 5 5 1 2 2 5 0
65 0 1 5 9 4 6 10 15 16 17 19 0
66 0 5 2 4 4 1 5 5 10 15 10 0
67 0 6 4 3 3 4 1 1 6 1 6 0
68 0 13 15 13 10 7 2 1 4 5 5 0
69 0 2 3 5 7 3 7 12 9 5 1 0
70 0 7 7 3 1 2 3 8 12 11 10 0
71 0 7 10 9 5 6 7 4 1 5 1 0
72 0 16 16 18 18 13 12 15 10 5 1 0
73 0 3 4 3 1 4 8 9 14 18 16 0
74 0 4 6 5 3 6 11 6 10 5 1 0
75 0 13 12 13 9 5 1 3 3 5 1 0
76 0 16 13 10 6 3 6 1 4 9 8 0
77 0 15 14 18 16 11 6 2 1 1 1 0
78 0 27 30 27 23 18 13 10 6 1 2 0
79 0 6 11 8 9 4 6 1 4 8 6 0
80 0 2 6 4 1 4 8 12 11 15 15 0
81 0 5 2 2 1 5 10 10 5 6 10 0
82 0 15 11 10 11 9 6 4 1 6 9 0
83 0 3 1 4 7 11 9 12 16 17 21 0
84 0 11 6 11 10 7 7 12 9 6 1 0
85 0 12 9 10 7 4 5 1 3 8 7 0
86 0 6 2 1 4 8 4 6 8 9 8 0
87 0 6 5 7 8 8 12 12 14 9 8 0
88 0 10 12 8 8 3 6 2 7 4 1 0
89 0 1 6 6 11 14 15 15 20 25 28 0
90 0 1 5 10 12 9 5 9 13 11 16 0
91 0 11 16 12 7 7 6 4 1 6 5 0
92 0 5 1 4 8 4 8 10 13 17 22 0
93 0 1 4 9 8 4 7 8 11 12 8 0
94 0 11 7 12 10 10 7 5 1 3 7 0
95 0 6 9 11 6 11 13 14 13 16 12 0
96 0 5 3 6 1 1 5 5 10 11 6 0
97 0 6 10 8 12 15 18 15 18 17 17 0
98 0 2 5 5 6 11 9 9 5 9 10 0
99 0 6 6 5 1 6 6 3 8 3 3 0
100 0 13 10 8 11 10 9 7 7 4 1 0
101 0 1 1 1 4 4 9 13 11 10 13 0
102 0 17 18 13 14 10 5 1 3 3 6 0
103 0 2 2 2 3 1 6 9 11 6 1 0
104 0 4 6 1 6 2 6 3 8 9 4 0
105 0 5 4 3 6 2 1 2 5 7 3 0
106 0 4 6 5 1 5 9 9 4 3 5 0
107 0 5 6 7 2 1 4 9 11 8 12 0
108 0 2 7 5 4 5 6 5 6 6 4 0
109 0 13 13 10 7 6 6 3 2 6 1 0
110 0 3 3 5 2 6 8 4 6 11 15 0
111 0 10 10 8 9 11 13 10 5 1 3 0
112 0 2 6 4 4 6 1 3 5 8 9 0
113 0 11 12 16 16 14 12 11 6 1 2 0
114 0 20 15 15 12 9 13 11 9 6 1 0
115 0 11 11 15 18 15 14 9 4 1 4 0
116 0 3 1 2 3 5 4 4 9 10 6 0
117 0 10 6 1 1 4 9 4 7 8 4 0
118 0 1 4 3 6 9 8 3 7 9 9 0
119 0 8 10 9 6 7 9 7 4 3 1 0
120 0 7 8 10 7 2 1 5 6 7 10 0
121 0 24 24 19 21 19 15 10 5 4 1 0
122 0 3 5 7 6 11 15 12 14 17 19 0
123 0 4 4 9 13 13 11 9 6 11 10 0
124 0 6 1 4 9 10 11 11 6 9 7 0
125 0 13 8 12 11 6 1 5 1 5 1 0
126 0 18 16 13 14 11 7 8 5 1 4 0
127 0 12 7 11 11 10 11 7 5 1 6 0
128 0 3 7 2 3 5 3 7 7 2 7 0
129 0 5 8 6 7 3 3 6 4 1 1 0
130 0 5 9 5 5 7 12 14 10 10 5 0
131 0 2 4 2 6 6 4 6 6 6 6 0
132 0 20 22 20 15 13 8 3 1 3 8 0
133 0 1 5 7 9 9 10 15 19 21 24 0
134 0 6 1 2 2 5 3 7 6 8 5 0
135 0 5 1 1 5 2 6 6 10 15 11 0
136 0 11 9 9 12 12 14 12 10 6 1 0
137 0 9 12 9 12 9 4 3 6 1 1 0
138 0 2 6 2 7 6 4 4 2 7 3 0
139 0 1 4 3 3 6 9 11 10 12 11 0
140 0 8 10 8 7 5 1 6 8 9 11 0
141 0 9 9 4 3 8 3 1 4 4 2 0
142 0 25 21 16 13 9 7 5 4 1 2 0
143 0 9 10 14 11 6 3 6 1 3 5 0
144 0 4 1 2 6 6 5 5 10 13 15 0
145 0 5 1 1 2 5 3 7 3 5 2 0
146 0 2 2 4 8 7 10 10 5 3 6 0
147 0 5 6 5 1 4 6 8 6 5 6 0
148 0 15 10 8 6 4 1 2 7 10 6 0
149 0 19 19 15 10 5 6 6 6 3 1 0
150 0 14 16 17 19 17 12 7 5 3 1 0
151 0 1 1 3 7 9 6 9 6 1 4 0
152 0 6 4 1 3 3 8 4 6 10 6 0
153 0 3 8 4 4 9 6 7 3 1 3 0
154 0 5 1 6 6 6 8 13 10 11 13 0
155 0 12 16 14 11 9 6 1 4 9 12 0
156 0 8 13 12 10 6 1 6 6 3 3 0
157 0 14 9 12 10 6 2 4 6 1 4 0
158 0 6 1 2 6 10 6 11 12 13 13 0
159 0 10 9 7 4 4 2 3 1 4 7 0
160 0 16 18 13 11 14 10 6 1 5 10 0
161 0 12 8 8 4 6 5 3 1 4 7 0
162 0 11 7 8 6 4 6 6 3 1 4 0
163 0 3 2 3 1 2 6 10 11 8 11 0
164 0 5 1 5 6 3 7 6 4 2 1 0
165 0 12 11 7 3 5 10 6 2 1 5 0
166 0 8 12 8 6 7 5 6 5 4 1 0
167 0 16 11 8 12 11 11 13 10 6 1 0
168 0 5 9 5 5 8 3 2 6 1 3 0
169 0 6 4 9 6 4 7 8 10 14 11 0
170 0 3 6 8 4 5 1 5 10 10 12 0
171 0 5 6 11 7 2 2 1 1 1 2 0
172 0 6 6 1 2 1 5 10 15 20 15 0
173 0 8 13 13 9 11 12 13 8 4 1 0
174 0 3 6 3 1 1 5 7 4 7 10 0
175 0 2 3 7 5 10 12 9 5 2 6 0
176 0 6 7 10 13 8 6 6 1 6 11 0
177 0 4 3 4 2 6 9 14 9 4 1 0
178 0 4 7 9 7 9 9 6 3 3 1 0
179 0 2 4 6 4 8 6 8 10 14 17 0
180 0 5 2 1 6 5 2 3 4 7 9 0
181 0 28 28 27 23 21 17 12 8 3 1 0
182 0 10 15 11 8 6 1 3 6 11 13 0
183 0 10 6 1 5 7 7 10 14 12 9 0
184 0 12 7 8 4 5 4 2 2 2 1 0
185 0 1 3 6 11 16 18 21 16 14 17 0
186 0 3 1 5 6 2 6 8 8 8 9 0
187 0 18 15 10 5 7 4 1 2 5 7 0
188 0 7 10 7 5 3 1 3 7 11 14 0
189 0 6 2 3 1 5 5 8 8 12 14 0
190 0 16 11 16 11 6 1 6 9 4 6 0
191 0 7 2 6 6 3 6 4 2 1 5 0
192 0 8 3 2 3 6 1 5 10 15 20 0
193 0 2 1 6 2 5 10 14 13 11 13 0
194 0 3 8 4 9 9 12 8 13 12 13 0
195 0 13 13 9 7 8 5 1 5 4 3 0
196 0 3 1 5 4 1 6 5 5 10 5 0
197 0 10 7 3 8 5 4 6 5 1 1 0
198 0 6 7 11 12 13 8 13 10 15 13 0
199 0 8 4 6 1 2 5 9 12 13 18 0
200 0 9 11 11 6 1 1 2 5 6 8 0
201 0 6 4 9 8 5 1 6 3 6 7 0
202 0 12 13 15 11 10 10 7 4 5 1 0
203 0 2 4 5 7 9 7 10 10 8 6 0
204 0 1 6 9 10 13 10 13 15 17 19 0
205 0 3 8 6 4 1 4 9 14 11 6 0
206 0 3 8 11 16 21 18 16 18 14 11 0
207 0 15 11 6 2 2 1 3 1 6 3 0
208 0 1 5 8 12 15 10 14 10 12 17 0
209 0 20 21 17 12 7 2 6 1 5 1 0
210 0 2 7 9 8 6 11 10 6 4 1 0
211 0 6 6 4 8 7 11 6 3 3 1 0
212 0 16 11 10 6 5 7 7 3 1 5 0
213 0 12 10 6 4 6 1 1 2 2 1 0
214 0 1 6 10 5 2 5 4 6 7 8 0
215 0 15 14 11 12 7 3 5 1 4 4 0
216 0 8 12 9 7 5 3 8 6 3 1 0
217 0 1 3 8 5 7 9 12 8 11 11 0
218 0 6 2 6 4 2 1 3 4 6 2 0
219 0 4 1 6 1 3 4 6 10 14 10 0
220 0 8 12 11 11 8 8 5 1 4 3 0
221 0 6 3 4 9 12 11 14 12 17 12 0
222 0 12 13 12 13 15 11 8 3 5 1 0
223 0 8 9 13 14 17 15 10 6 1 5 0
224 0 8 10 10 5 8 9 4 2 1 2 0
225 0 10 9 9 9 8 7 3 4 3 1 0
226 0 1 5 9 11 9 5 2 4 2 6 0
227 0 4 5 8 8 3 3 4 3 5 1 0
228 0 13 10 14 9 11 7 11 6 1 3 0
229 0 10 6 7 9 11 7 6 1 2 5 0
230 0 2 3 1 3 6 7 6 9 4 3 0
231 0 14 18 20 17 13 8 6 1 2 2 0
232 0 27 22 17 12 17 16 11 7 3 1 0
233 0 10 6 4 3 1 6 5 3 7 9 0
234 0 8 10 13 11 9 4 5 5 1 5 0
235 0 8 10 8 7 9 11 9 8 3 1 0
236 0 10 6 6 1 1 3 3 4 7 5 0
237 0 5 1 6 3 5 3 2 7 3 3 0
238 0 10 11 11 11 9 6 1 1 2 6 0
239 0 3 6 4 5 1 6 7 11 15 12 0
240 0 3 3 1 2 5 8 4 8 12 17 0
241 0 7 3 5 5 7 2 5 1 3 1 0
242 0 5 5 1 6 3 6 6 10 9 12 0
243 0 9 6 8 3 3 1 2 6 9 10 0
244 0 1 3 6 3 5 8 11 8 9 7 0
245 0 3 1 3 8 8 4 7 2 6 4 0
246 0 13 12 10 6 2 1 1 3 6 8 0
247 0 10 7 12 14 9 4 5 1 3 8 0
248 0 6 11 16 14 10 10 6 7 8 11 0
249 0 9 6 8 13 12 8 8 3 1 2 0
250 0 6 1 5 7 7 11 13 10 14 12 0
251 0 6 11 16 15 10 8 8 4 1 1 0
252 0 1 5 6 2 1 5 4 6 4 6 0
253 0 18 19 14 13 12 12 12 10 5 1 0
254 0 4 4 5 2 7 6 6 3 3 3 0
255 0 18 14 9 4 3 7 4 8 6 1 0
256 0 7 9 4 3 5 4 1 1 4 4 0
257 0 17 13 9 13 10 9 6 9 6 1 0
258 0 4 1 6 4 2 5 9 12 7 9 0
259 0 4 5 1 4 6 7 8 12 14 11 0
260 0 1 3 6 6 5 8 12 9 7 10 0
261 0 6 5 9 5 4 7 9 6 5 8 0
262 0 7 6 8 6 1 5 7 11 7 9 0
263 0 5 3 1 5 6 9 11 16 14 15 0
264 0 10 8 5 2 2 2 4 9 4 1 0
265 0 6 3 5 5 5 8 7 5 6 7 0
266 0 11 8 8 6 5 9 7 2 1 1 0
267 0 10 6 5 4 3 1 4 5 6 7 0
268 0 2 1 2 5 8 6 9 13 12 9 0
269 0 3 3 6 9 7 11 12 7 6 9 0
270 0 9 7 2 1 4 4 7 6 7 10 0
271 0 11 6 4 9 5 7 3 4 1 5 0
272 0 6 7 5 9 8 4 7 6 1 2 0
273 0 6 10 14 18 15 12 14 17 18 15 0
274 0 9 6 4 8 9 4 1 4 3 2 0
275 0 2 6 6 9 5 4 6 1 3 3 0
276 0 6 6 3 8 12 15 14 9 5 1 0
277 0 2 3 1 3 4 4 7 5 5 1 0
278 0 12 16 13 8 9 6 4 1 1 5 0
279 0 3 3 8 5 10 13 16 18 21 21 0
280 0 6 3 1 6 7 6 8 9 5 3 0
281 0 17 16 11 9 9 6 1 6 6 11 0
282 0 6 8 9 13 11 6 1 6 2 4 0
283 0 16 12 7 8 13 9 6 9 4 1 0
284 0 5 1 4 7 9 9 8 10 11 13 0
285 0 22 27 23 19 18 13 13 9 5 1 0
286 0 6 1 5 5 9 5 5 4 7 8 0
287 0 6 1 5 8 13 17 17 13 11 8 0
288 0 5 9 10 10 9 14 14 12 11 8 0
289 0 4 5 6 1 6 10 13 16 17 20 0
290 0 4 4 4 1 2 5 8 10 5 3 0
291 0 6 1 6 8 6 10 6 2 6 3 0
292 0 5 8 3 1 6 6 5 10 9 14 0
293 0 1 2 4 8 13 10 7 6 1 3 0
294 0 4 1 1 5 6 11 7 6 7 2 0
295 0 5 8 5 9 7 7 12 9 5 1 0
296 0 7 12 11 9 6 9 4 1 3 7 0
297 0 6 1 6 7 12 14 19 17 12 9 0
298 0 9 12 8 6 1 3 4 9 8 6 0
299 0 4 5 7 12 16 14 16 21 25 26 0
300 0 6 11 14 10 8 12 16 14 11 8 0
301 0 10 13 10 6 5 1 6 8 10 13 0
302 0 9 5 1 5 8 5 5 4 2 7 0
303 0 7 5 1 6 11 15 17 12 17 19 0
304 0 9 9 7 12 15 10 9 9 5 1 0
305 0 9 10 9 5 3 1 6 7 9 10 0
306 0 7 10 5 9 8 6 1 3 4 3 0
307 0 13 13 9 4 5 1 3 3 8 8 0
308 0 4 2 5 7 12 8 10 5 1 5 0
309 0 5 5 5 7 6 3 8 11 15 14 0
310 0 14 10 14 15 15 14 9 5 1 5 0
311 0 4 2 5 8 11 11 16 11 8 7 0
312 0 22 18 16 14 11 6 7 7 5 1 0
313 0 6 5 1 5 2 3 1 3 8 8 0
314 0 10 10 15 10 14 12 11 9 4 1 0
315 0 1 3 8 11 16 18 23 23 24 29 0
316 0 4 5 7 8 12 13 10 10 5 9 0
317 0 10 13 8 5 1 4 7 11 13 13 0
318 0 1 6 9 4 6 2 6 4 3 6 0
319 0 17 17 12 11 14 10 6 1 2 4 0
320 0 7 7 8 8 12 7 5 5 1 3 0
321 0 11 6 2 5 1 3 7 4 5 1 0
322 0 7 3 5 2 4 1 6 9 10 11 0
323 0 4 9 5 1 6 2 6 1 3 1 0
324 0 7 3 7 9 5 7 5 6 1 4 0
325 0 4 9 9 13 13 9 8 11 9 13 0
326 0 1 3 5 10 7 8 8 3 7 8 0
327 0 11 7 10 13 9 5 1 3 8 3 0
328 0 14 11 16 11 10 6 11 9 6 1 0
329 0 6 10 14 19 20 16 18 22 26 21 0
330 0 4 4 5 10 5 6 9 13 14 10 0
331 0 6 11 13 15 14 14 14 19 21 20 0
332 0 16 14 15 11 11 11 6 3 3 1 0
333 0 6 11 6 4 1 4 8 9 5 8 0
334 0 14 13 13 14 13 9 4 6 5 1 0
335 0 5 6 3 8 13 9 8 3 1 2 0
336 0 11 9 8 10 7 4 5 4 5 1 0
337 0 24 21 16 15 10 13 11 6 2 1 0
338 0 1 5 1 3 6 7 10 5 8 6 0
339 0 8 12 7 10 10 5 2 2 1 2 0
340 0 5 6 5 1 4 8 11 10 7 10 0
341 0 10 5 4 5 8 7 8 4 1 1 0
342 0 8 10 6 5 5 4 1 5 7 8 0
343 0 4 3 1 5 10 12 17 12 16 19 0
344 0 7 6 3 1 5 8 9 11 16 17 0
345 0 12 10 5 9 5 7 6 6 1 6 0
346 0 5 2 1 1 5 6 11 12 17 15 0
347 0 5 5 7 8 7 8 7 6 9 8 0
348 0 20 19 16 13 17 12 8 3 5 1 0
349 0 5 10 7 5 1 4 5 4 5 2 0
350 0 5 4 6 6 5 9 7 6 7 4 0
351 0 9 4 9 14 16 12 7 4 1 6 0
352 0 3 1 4 7 5 9 11 13 16 14 0
353 0 7 4 1 5 7 9 6 4 8 3 0
354 0 7 10 12 13 15 11 6 6 1 5 0
355 0 6 9 7 7 2 5 4 4 7 4 0
356 0 9 4 5 8 6 1 2 7 8 3 0
357 0 12 9 5 3 4 5 1 4 6 11 0
358 0 16 19 14 17 15 10 6 1 2 2 0
359 0 4 8 10 9 5 5 1 6 4 9 0
360 0 7 8 7 2 3 4 7 10 5 1 0
361 0 9 6 2 4 7 3 3 6 1 3 0
362 0 1 5 9 9 13 12 17 17 21 17 0
363 0 6 7 4 1 6 1 6 7 2 5 0
364 0 5 4 6 11 7 8 9 6 2 1 0
365 0 7 9 6 6 1 2 4 3 5 4 0
366 0 5 2 6 6 6 2 2 1 4 3 0
367 0 1 6 10 12 13 14 16 11 7 3 0
368 0 7 6 2 1 5 7 11 11 8 11 0
369 0 14 12 8 6 5 3 1 6 4 5 0
370 0 8 5 4 1 4 2 4 8 5 4 0
371 0 10 6 10 5 3 1 2 7 9 6 0
372 0 12 9 6 7 7 6 1 6 6 4 0
373 0 5 7 9 12 9 14 10 12 17 21 0
374 0 6 4 3 2 1 6 10 6 8 11 0
375 0 1 6 1 5 7 3 2 6 9 11 0
376 0 12 10 5 1 5 8 10 11 9 12 0
377 0 6 7 7 12 10 5 4 9 10 7 0
378 0 12 10 5 3 5 5 4 6 5 1 0
379 0 2 1 6 1 6 8 9 6 9 12 0
380 0 26 25 22 17 14 11 16 11 6 1 0
381 0 2 5 7 5 1 3 8 10 9 14 0
382 0 15 12 9 10 9 4 1 6 5 3 0
383 0 2 5 3 7 5 9 7 12 16 17 0
384 0 6 7 6 7 7 6 2 2 1 6 0
385 0 13 12 8 4 1 4 8 10 12 16 0
386 0 18 19 20 16 12 13 9 5 4 1 0
387 0 9 11 9 4 6 8 9 4 4 1 0
388 0 7 3 1 6 7 10 9 9 14 10 0
389 0 1 3 8 8 8 4 5 3 7 9 0
390 0 7 5 6 3 1 6 10 13 9 13 0
391 0 8 4 9 5 1 4 5 10 6 2 0
392 0 17 13 10 7 11 7 6 2 1 3 0
393 0 13 12 13 8 5 1 6 7 2 3 0
394 0 1 6 11 11 13 11 10 13 14 10 0
395 0 3 2 3 1 6 9 12 11 15 15 0
396 0 6 1 3 6 6 8 12 13 11 12 0
397 0 6 1 5 6 3 8 5 9 8 5 0
398 0 8 5 9 8 4 8 9 4 1 4 0
399 0 9 8 7 6 1 6 9 12 16 15 0
400 0 1 6 8 13 8 4 4 2 5 9 0
401 0 6 9 11 10 8 10 14 17 13 11 0
402 0 7 8 3 1 1 3 7 5 7 3 0
403 0 8 6 1 3 7 9 9 5 9 5 0
404 0 3 6 1 4 5 9 9 8 9 11 0
405 0 6 5 3 6 5 2 4 1 2 6 0
406 0 5 5 4 1 5 9 8 5 1 2 0
407 0 3 4 8 3 1 4 7 4 5 2 0
408 0 12 17 14 11 6 4 6 5 3 1 0
409 0 10 14 19 14 11 6 2 1 5 1 0
410 0 2 1 1 3 5 7 3 7 8 4 0
411 0 9 6 11 15 17 19 15 11 6 1 0
412 0 1 4 8 6 11 8 13 12 8 9 0
413 0 15 10 12 7 4 6 4 4 1 4 0
414 0 6 9 10 13 12 8 11 12 7 12 0
415 0 9 6 7 6 2 1 6 7 7 2 0
416 0 1 6 5 5 4 8 10 12 17 13 0
417 0 4 4 4 1 1 5 6 5 6 8 0
418 0 13 9 10 7 3 3 7 4 1 6 0
419 0 4 8 11 6 7 3 1 4 4 7 0
420 0 8 8 6 7 4 8 6 1 1 5 0
421 0 6 1 5 7 9 12 14 10 9 13 0
422 0 5 3 8 7 9 12 16 14 9 9 0
423 0 9 4 3 7 5 1 5 3 8 5 0
424 0 4 5 8 3 7 9 6 2 5 1 0
425 0 4 9 6 10 10 8 3 1 6 8 0
426 0 6 6 3 1 2 5 4 5 7 6 0
427 0 12 12 15 14 12 14 11 8 3 1 0
428 0 24 19 16 11 9 6 4 1 3 7 0
429 0 1 2 6 11 14 19 19 20 15 19 0
430 0 8 6 3 1 5 5 3 4 6 11 0
431 0 17 13 8 3 6 6 1 5 1 3 0
432 0 5 2 1 2 5 5 4 4 8 6 0
433 0 20 19 16 13 14 12 9 7 2 1 0
434 0 1 2 3 6 10 7 7 8 8 11 0
435 0 2 1 6 10 8 13 11 16 13 8 0
436 0 6 11 6 2 1 3 3 6 7 5 0
437 0 4 6 1 6 11 15 19 14 11 16 0
438 0 7 2 2 5 9 14 9 5 3 1 0
439 0 15 15 11 6 9 6 1 1 3 6 0
440 0 6 6 8 5 8 6 8 8 4 1 0
441 0 14 17 12 7 3 1 2 3 5 4 0
442 0 1 6 7 10 9 12 16 20 17 16 0
443 0 21 17 14 10 8 5 1 6 4 3 0
444 0 11 11 11 10 11 9 4 4 3 1 0
445 0 14 10 8 6 4 6 8 3 1 6 0
446 0 6 9 9 12 7 12 10 13 11 12 0
447 0 12 12 12 7 11 6 1 2 5 9 0
448 0 3 4 8 9 4 1 6 10 7 9 0
449 0 5 5 6 10 6 9 7 2 7 12 0
450 0 6 10 13 13 10 7 5 1 4 9 0
451 0 1 1 3 4 5 10 14 12 10 8 0
452 0 6 1 4 7 4 1 3 8 4 6 0
453 0 10 9 6 11 11 7 8 6 1 4 0
454 0 23 23 18 15 11 6 2 1 2 7 0
455 0 9 11 8 5 4 2 1 6 6 2 0
456 0 20 16 15 14 15 10 8 4 2 1 0
457 0 8 4 3 6 2 7 4 4 4 1 0
458 0 9 8 4 6 10 6 3 1 2 4 0
459 0 19 15 10 7 7 9 7 7 4 1 0
460 0 9 4 8 6 11 8 5 2 4 1 0
461 0 17 16 12 10 8 12 9 6 1 1 0
462 0 1 6 9 12 15 17 20 17 22 19 0
463 0 9 4 2 6 1 2 2 7 6 3 0
464 0 8 5 5 4 5 3 5 10 6 1 0
465 0 3 7 6 2 2 6 4 7 11 15 0
466 0 7 12 9 5 1 5 5 9 8 12 0
467 0 7 5 4 1 2 6 5 6 1 3 0
468 0 26 26 21 17 18 13 9 4 1 2 0
469 0 2 1 4 8 10 9 11 6 6 5 0
470 0 3 1 2 3 7 10 9 6 5 3 0
471 0 12 12 8 4 5 3 3 1 3 8 0
472 0 1 6 9 9 13 11 9 4 6 10 0
473 0 9 5 1 6 6 4 9 12 10 6 0
474 0 6 10 15 20 19 19 23 27 26 24 0
475 0 12 12 15 14 10 7 2 5 1 4 0
476 0 13 16 17 12 10 8 9 10 5 1 0
477 0 5 10 6 1 4 5 4 8 13 16 0
478 0 14 13 10 5 1 6 7 11 13 9 0
479 0 14 9 8 10 6 1 2 2 5 4 0
480 0 8 7 11 9 9 10 13 8 6 1 0
481 0 2 1 5 10 5 5 9 11 8 8 0
482 0 15 13 11 10 10 8 5 3 1 2 0
483 0 13 9 8 4 3 2 1 4 4 4 0
484 0 5 6 1 6 9 14 10 6 4 2 0
485 0 10 11 13 14 15 11 9 5 2 1 0
486 0 6 11 12 15 10 5 8 13 13 17 0
487 0 6 6 1 5 9 9 9 7 7 9 0
488 0 6 1 3 8 10 8 12 16 16 16 0
489 0 18 18 16 14 16 12 12 7 6 1 0
490 0 7 5 2 1 4 9 13 9 5 2 0
491 0 7 6 5 1 1 6 4 2 5 8 0
492 0 16 11 9 6 1 1 5 3 8 8 0
493 0 6 3 5 10 13 16 18 19 22 17 0
494 0 12 9 5 1 3 2 4 2 7 4 0
495 0 7 5 2 2 1 2 6 6 7 6 0
496 0 6 8 6 7 6 9 6 8 6 2 0
497 0 6 1 5 10 12 8 9 6 3 3 0
498 0 9 7 9 12 10 8 5 1 4 6 0
499 0 5 1 3 1 5 5 5 10 11 11 0
500 0 7 12 9 8 5 1 5 8 9 14 0
501 0 9 5 4 7 2 1 3 2 2 6 0
502 0 4 2 6 7 12 8 7 3 7 11 0
503 0 1 2 7 11 15 20 16 12 15 15 0
504 0 3 4 3 2 4 1 3 3 1 2 0
505 0 15 12 7 6 6 6 1 1 2 6 0
506 0 5 3 5 1 4 4 6 9 12 17 0
507 0 10 12 12 15 16 13 9 7 3 1 0
508 0 6 5 3 1 1 3 2 6 3 2 0
509 0 17 20 15 10 7 6 5 2 1 3 0
510 0 5 5 4 5 9 13 11 11 6 2 0
511 0 6 11 6 11 10 7 10 7 3 1 0
512 0 14 15 16 11 12 7 11 9 5 1 0
513 0 8 9 10 7 7 9 6 1 4 9 0
514 0 3 6 5 7 7 4 6 1 6 8 0
515 0 8 10 7 8 3 4 2 5 3 1 0
516 0 19 14 11 8 4 1 5 10 13 10 0
517 0 1 4 7 9 14 15 11 16 18 14 0
518 0 3 2 5 9 13 13 15 19 15 16 0
519 0 13 12 7 6 1 3 7 8 11 14 0
520 0 1 4 9 9 6 5 8 10 9 8 0
521 0 18 15 14 10 5 3 3 1 2 2 0
522 0 10 7 2 3 1 1 6 7 11 15 0
523 0 22 21 18 14 15 10 5 10 5 1 0
524 0 6 8 13 15 10 6 7 11 13 17 0
525 0 1 6 6 10 13 8 7 4 7 9 0
526 0 7 9 13 17 18 16 11 6 4 1 0
527 0 14 18 17 17 12 7 2 2 5 1 0
528 0 10 7 3 7 9 8 6 8 4 1 0
529 0 1 4 2 5 4 4 7 2 7 7 0
530 0 6 6 1 6 5 6 7 11 9 12 0
531 0 5 8 6 7 3 2 5 5 1 2 0
532 0 2 6 4 6 11 9 8 4 1 2 0
533 0 1 3 5 3 7 6 11 16 19 19 0
534 0 6 6 4 3 3 5 6 5 4 3 0
535 0 3 5 7 6 1 4 3 3 6 1 0
536 0 13 10 7 9 5 5 5 1 4 8 0
537 0 5 3 7 8 9 8 5 1 5 9 0
538 0 9 6 1 4 2 2 5 10 10 14 0
539 0 15 12 10 15 10 13 8 11 6 1 0
540 0 8 10 6 9 6 3 6 6 4 1 0
541 0 5 4 5 9 4 9 6 9 11 12 0
542 0 15 12 10 11 9 5 1 5 6 6 0
543 0 3 8 11 16 16 12 10 13 16 11 0
544 0 7 9 11 6 4 6 1 6 8 7 0
545 0 13 14 14 13 16 14 11 7 3 1 0
546 0 1 6 1 4 1 5 1 4 1 3 0
547 0 4 6 5 4 8 10 11 7 8 9 0
548 0 5 5 9 5 5 6 9 6 11 8 0
549 0 5 7 4 6 4 2 5 1 6 11 0
550 0 3 7 12 14 11 14 10 14 19 23 0
551 0 8 11 7 9 9 4 4 1 4 1 0
552 0 3 6 7 8 12 12 12 10 13 11 0
553 0 12 7 11 7 4 5 1 2 6 6 0
554 0 4 9 4 1 5 3 2 3 5 9 0
555 0 7 4 1 2 5 5 8 8 7 9 0
556 0 2 5 8 13 15 18 22 22 25 20 0
557 0 6 3 5 3 1 3 6 7 10 9 0
558 0 17 14 9 5 1 2 5 6 4 8 0
559 0 4 9 14 13 14 12 13 11 6 1 0
560 0 1 1 1 4 3 2 3 5 4 4 0
561 0 5 6 5 5 3 5 4 8 6 7 0
562 0 6 1 5 9 9 4 9 12 12 9 0
563 0 4 3 6 5 4 7 12 14 10 7 0
564 0 3 1 2 7 3 7 7 10 9 14 0
565 0 1 4 4 9 9 5 10 5 6 10 0
566 0 4 3 1 5 7 7 12 14 18 15 0
567 0 6 8 10 10 5 5 1 5 9 14 0
568 0 4 2 6 6 7 3 8 6 4 4 0
569 0 5 3 5 1 6 7 12 13 17 16 0
570 0 5 8 6 9 6 1 3 8 6 2 0
571 0 13 10 5 10 6 1 4 9 9 4 0
572 0 13 12 12 14 9 8 8 3 5 1 0
573 0 4 1 2 5 9 5 8 10 8 4 0
574 0 6 5 5 1 4 4 6 9 7 10 0
575 0 4 9 8 5 10 10 11 6 5 1 0
576 0 6 3 5 7 9 9 4 1 3 7 0
577 0 7 10 12 8 4 1 3 5 7 11 0
578 0 4 8 11 10 9 8 11 6 3 3 0
579 0 11 7 2 5 2 1 4 6 8 9 0
580 0 1 4 7 8 11 12 15 14 17 18 0
581 0 1 3 4 3 6 1 2 5 8 5 0
582 0 17 12 10 7 8 6 1 5 4 1 0
583 0 14 16 13 9 14 12 8 5 5 1 0
584 0 16 12 9 5 7 2 7 5 4 1 0
585 0 14 9 5 6 4 1 5 1 5 3 0
586 0 5 3 8 13 13 16 19 21 24 28 0
587 0 16 11 6 1 2 4 5 2 2 3 0
588 0 18 14 9 5 1 2 6 7 8 6 0
589 0 13 11 6 1 4 9 8 12 17 13 0
590 0 1 1 6 7 7 10 13 10 8 6 0
591 0 6 5 3 6 1 3 3 5 6 1 0
592 0 16 17 15 10 5 1 1 6 7 8 0
593 0 10 11 15 13 14 11 8 5 5 1 0
594 0 2 7 7 12 16 21 17 16 20 23 0
595 0 6 9 12 10 15 11 9 6 5 4 0
596 0 2 2 6 4 1 5 10 12 14 12 0
597 0 5 2 5 10 15 18 13 11 11 7 0
598 0 4 7 7 8 13 16 14 14 9 9 0
599 0 16 16 11 8 6 1 4 8 10 7 0
600 0 1 3 8 10 13 13 13 9 14 12 0
601 0 7 8 9 5 1 1 3 6 10 14 0
602 0 12 7 12 14 9 4 7 3 1 6 0
603 0 11 8 9 8 3 1 6 11 7 5 0
604 0 18 22 23 25 20 16 12 10 6 1 0
605 0 17 12 14 11 6 2 3 4 2 1 0
606 0 10 9 8 5 1 1 4 3 2 4 0
607 0 6 5 4 7 5 9 7 9 5 1 0
608 0 1 4 1 2 5 8 11 7 6 8 0
609 0 4 8 11 11 12 12 12 13 17 19 0
610 0 13 13 9 13 8 8 5 1 1 2 0
611 0 7 7 9 4 4 1 4 3 1 4 0
612 0 6 9 9 7 7 11 14 13 14 11 0
613 0 11 7 7 6 1 3 2 1 1 4 0
614 0 1 6 5 4 2 3 3 6 2 1 0
615 0 5 5 1 3 3 7 12 8 7 3 0
616 0 10 10 5 6 4 4 4 1 6 2 0
617 0 4 7 3 1 3 4 7 2 3 6 0
618 0 12 16 11 7 8 7 11 6 4 1 0
619 0 5 10 9 6 9 4 6 3 1 1 0
620 0 6 8 10 10 10 6 9 12 12 11 0
621 0 5 6 7 7 5 10 10 8 13 18 0
622 0 13 12 14 11 7 12 7 2 2 1 0
623 0 13 13 16 12 7 9 7 3 1 3 0
624 0 5 9 6 1 4 7 8 4 4 7 0
625 0 11 9 5 1 6 2 4 9 12 14 0
626 0 6 6 5 5 1 4 5 7 10 10 0
627 0 6 1 1 5 6 6 6 10 14 14 0
628 0 3 4 1 5 5 10 7 9 6 3 0
629 0 8 7 4 8 8 7 7 4 6 1 0
630 0 7 6 4 5 1 4 5 6 5 9 0
631 0 21 18 14 14 9 7 3 6 5 1 0
632 0 10 11 11 8 3 4 4 1 5 2 0
633 0 12 10 9 7 4 5 1 3 5 7 0
634 0 8 4 8 5 1 4 9 9 6 8 0
635 0 1 2 5 4 3 5 6 5 6 1 0
636 0 5 9 4 9 11 15 13 18 17 16 0
637 0 5 2 5 3 2 2 1 4 1 5 0
638 0 1 6 7 3 6 9 13 13 16 20 0
639 0 12 13 12 8 5 1 5 10 10 6 0
640 0 4 4 6 6 4 1 3 8 8 3 0
641 0 3 1 6 11 13 15 17 19 24 21 0
642 0 1 5 8 3 4 6 8 7 2 4 0
643 0 9 12 10 6 10 6 1 6 7 8 0
644 0 12 10 6 2 1 3 7 7 4 6 0
645 0 5 6 5 5 1 6 7 12 8 4 0
646 0 14 14 13 10 7 5 5 2 1 3 0
647 0 11 6 1 4 9 8 10 13 13 10 0
648 0 1 6 8 13 17 16 12 12 13 9 0
649 0 4 5 6 10 15 20 19 21 23 19 0
650 0 2 7 12 10 15 13 11 6 7 8 0
651 0 6 1 4 7 11 8 12 7 8 6 0
652 0 4 8 13 18 20 21 20 19 15 17 0
653 0 16 13 10 8 8 4 6 10 6 1 0
654 0 5 5 6 9 9 12 12 11 11 7 0
655 0 6 2 4 9 11 14 11 12 13 8 0
656 0 5 3 1 3 5 9 8 6 8 8 0
657 0 8 10 7 2 5 4 7 6 2 1 0
658 0 1 4 7 10 14 14 19 23 28 25 0
659 0 5 1 4 3 1 2 5 8 4 5 0
660 0 7 9 8 8 8 3 1 4 6 10 0
661 0 9 8 11 8 5 1 3 3 4 8 0
662 0 1 3 5 1 6 9 5 4 9 6 0
663 0 1 1 5 1 1 3 7 6 10 12 0
664 0 1 6 7 3 2 7 7 9 13 16 0
665 0 2 1 1 4 8 6 6 4 6 11 0
666 0 8 13 16 11 8 6 1 6 3 5 0
667 0 1 4 6 7 6 5 4 5 5 10 0
668 0 1 3 8 13 18 15 13 18 18 16 0
669 0 4 6 4 6 2 3 5 8 12 12 0
670 0 8 4 1 6 7 11 15 12 16 12 0
671 0 1 6 10 8 7 7 12 11 11 9 0
672 0 4 1 5 3 3 1 6 11 6 3 0
673 0 4 6 11 12 8 13 18 23 24 24 0
674 0 6 8 9 4 2 4 7 5 3 1 0
675 0 5 5 3 5 7 4 4 1 1 1 0
676 0 6 7 3 6 1 5 10 10 6 6 0
677 0 4 6 2 1 6 10 15 12 16 12 0
678 0 1 3 6 9 9 10 9 6 10 14 0
679 0 13 17 19 17 18 14 13 8 4 1 0
680 0 8 4 3 7 9 5 1 5 8 7 0
681 0 19 14 14 10 12 9 10 5 1 1 0
682 0 5 9 6 8 5 4 1 4 6 6 0
683 0 1 2 6 2 5 4 4 3 3 4 0
684 0 1 6 9 4 6 7 8 4 9 10 0
685 0 17 20 17 12 9 7 4 8 5 1 0
686 0 1 5 8 8 13 11 16 15 14 13 0
687 0 15 15 13 8 10 7 8 6 1 1 0
688 0 14 12 17 13 8 9 10 7 3 1 0
689 0 9 6 5 9 10 8 10 9 4 1 0
690 0 9 6 5 1 3 6 10 6 10 12 0
691 0 4 1 4 4 4 3 7 11 15 19 0
692 0 1 6 9 7 6 6 9 11 6 7 0
693 0 3 6 4 2 1 4 7 7 6 10 0
694 0 5 4 6 7 6 10 8 9 5 3 0
695 0 9 11 12 7 12 11 13 9 6 1 0
696 0 13 10 10 8 3 2 5 8 6 1 0
697 0 14 11 12 7 2 1 4 5 7 5 0
698 0 3 7 7 12 11 7 3 4 7 2 0
699 0 1 5 10 6 9 12 11 9 10 12 0
700 0 6 2 6 2 2 6 2 5 8 3 0
701 0 6 8 6 3 8 3 5 8 12 16 0
702 0 1 6 3 5 10 10 8 7 7 3 0
703 0 1 2 1 6 4 1 6 3 6 6 0
704 0 21 18 14 19 14 17 12 9 4 1 0
705 0 1 1 5 7 8 13 10 15 11 15 0
706 0 5 1 6 10 12 14 14 12 12 10 0
707 0 7 8 11 11 7 6 9 4 1 4 0
708 0 16 13 12 8 6 6 1 6 3 1 0
709 0 7 6 1 5 4 8 10 5 8 4 0
710 0 5 1 4 8 12 10 12 12 15 14 0
711 0 18 13 10 11 6 1 3 3 1 6 0
712 0 4 1 5 10 7 3 1 3 5 6 0
713 0 16 15 12 10 10 6 1 4 4 9 0
714 0 1 5 4 9 6 7 11 15 18 17 0
715 0 8 8 4 1 4 3 4 9 10 10 0
716 0 7 6 6 6 10 8 4 1 1 2 0
717 0 16 15 11 10 6 1 5 3 1 3 0
718 0 3 7 8 10 13 10 11 10 14 12 0
719 0 19 20 15 15 11 10 11 9 6 1 0
720 0 18 15 14 13 10 10 8 4 1 1 0
721 0 5 1 3 7 10 15 14 11 9 5 0
722 0 11 13 9 13 8 9 4 4 1 6 0
723 0 8 3 1 5 9 10 5 5 2 3 0
724 0 14 17 13 11 7 8 8 6 1 5 0
725 0 6 4 5 8 12 14 10 14 18 19 0
726 0 1 6 5 2 6 5 5 7 12 9 0
727 0 12 10 10 8 9 12 7 7 4 1 0
728 0 4 1 1 4 8 7 10 15 10 11 0
729 0 1 5 10 9 8 4 9 11 6 10 0
730 0 14 14 16 15 14 9 7 7 5 1 0
731 0 4 6 6 6 7 12 10 11 8 11 0
732 0 2 2 7 2 1 3 8 7 6 10 0
733 0 10 5 3 5 3 8 8 8 5 1 0
734 0 2 2 3 6 10 6 11 6 1 2 0
735 0 10 5 5 1 4 4 4 8 8 11 0
736 0 20 15 11 7 6 1 6 10 8 5 0
737 0 4 3 1 1 6 8 7 11 6 4 0
738 0 6 1 2 7 9 10 10 13 8 3 0
739 0 12 13 10 6 9 6 9 5 5 1 0
740 0 5 4 4 7 8 8 12 13 17 21 0
741 0 13 16 11 10 7 3 6 1 6 2 0
742 0 1 5 7 10 12 13 18 14 18 23 0
743 0 3 5 3 5 6 4 8 3 3 1 0
744 0 3 5 1 4 9 14 12 14 18 14 0
745 0 11 6 1 2 6 6 7 8 13 14 0
746 0 5 4 7 6 6 8 6 1 3 6 0
747 0 21 17 18 14 10 7 5 5 1 2 0
748 0 9 5 1 5 9 7 11 11 9 6 0
749 0 9 10 8 11 7 2 4 5 4 1 0
750 0 3 4 8 11 11 12 7 6 10 11 0
751 0 1 1 6 5 7 11 13 17 22 18 0
752 0 10 5 1 5 2 3 2 4 9 9 0
753 0 6 9 8 11 14 12 10 15 14 9 0
754 0 5 8 12 9 11 10 15 12 9 13 0
755 0 1 5 7 6 10 7 2 2 3 8 0
756 0 6 1 1 2 2 4 7 8 13 18 0
757 0 6 7 7 11 6 8 6 1 5 4 0
758 0 5 4 9 4 2 3 6 5 10 9 0
759 0 1 2 7 8 8 3 8 12 17 18 0
760 0 7 4 4 4 1 6 8 9 6 6 0
761 0 16 16 14 14 9 4 8 6 4 1 0
762 0 14 14 11 9 8 6 5 7 5 1 0
763 0 15 10 8 11 13 8 4 1 2 3 0
764 0 1 2 5 8 13 16 19 18 21 16 0
765 0 25 20 15 11 15 10 6 2 1 2 0
766 0 6 8 4 9 9 11 10 15 11 7 0
767 0 20 19 24 20 15 11 6 9 6 1 0
768 0 6 3 1 6 11 16 13 10 13 13 0
769 0 1 2 4 3 6 11 10 9 10 9 0
770 0 10 10 6 9 5 7 11 7 2 1 0
771 0 1 2 4 6 7 3 8 8 10 13 0
772 0 1 4 2 4 7 3 5 9 11 10 0
773 0 6 10 9 4 6 3 4 2 3 2 0
774 0 1 3 8 4 5 2 6 7 6 1 0
775 0 1 6 2 7 2 3 2 2 5 4 0
776 0 5 7 11 11 16 20 24 23 20 24 0
777 0 9 8 6 1 3 7 11 9 12 12 0
778 0 2 4 1 1 5 9 14 11 9 7 0
779 0 9 7 6 1 6 10 11 11 14 18 0
780 0 1 5 9 13 17 20 20 15 18 23 0
781 0 2 2 1 6 9 4 2 5 6 2 0
782 0 12 14 13 10 8 3 2 7 2 1 0
783 0 5 1 4 7 5 10 14 19 17 21 0
784 0 20 15 12 8 8 8 6 1 4 8 0
785 0 7 4 5 10 5 7 4 7 5 1 0
786 0 3 1 3 5 10 9 7 8 11 8 0
787 0 6 4 5 2 7 2 7 3 8 13 0
788 0 9 5 7 2 1 5 8 7 3 1 0
789 0 12 11 16 13 8 4 1 3 1 4 0
790 0 5 10 9 10 10 13 16 13 17 12 0
791 0 16 13 15 11 8 8 9 4 1 6 0
792 0 5 1 6 3 8 8 5 8 13 9 0
793 0 12 9 4 3 2 3 5 7 2 1 0
794 0 12 12 15 13 9 5 6 1 6 6 0
795 0 5 9 6 10 5 5 5 4 7 12 0
796 0 4 6 7 12 13 11 15 16 21 22 0
797 0 10 13 11 7 11 12 8 5 2 1 0
798 0 2 3 8 10 14 12 12 12 11 14 0
799 0 14 11 7 6 3 6 3 1 6 5 0
800 0 6 3 2 7 3 4 8 8 9 6 0
801 0 4 9 6 7 11 13 9 9 8 3 0
802 0 6 3 2 6 10 13 11 12 17 20 0
803 0 7 2 4 4 1 4 2 7 7 4 0
804 0 8 8 9 9 7 4 1 3 2 6 0
805 0 13 13 17 12 8 5 6 4 6 1 0
806 0 3 5 10 8 12 11 15 10 5 3 0
807 0 6 3 3 2 3 2 4 3 1 4 0
808 0 1 4 4 4 8 7 7 6 6 1 0
809 0 1 6 4 7 2 1 4 5 2 3 0
810 0 11 7 12 14 18 19 14 10 5 1 0
811 0 5 5 7 4 2 2 6 1 1 6 0
812 0 4 5 6 1 6 6 3 7 8 6 0
813 0 3 7 9 6 2 5 1 6 7 4 0
814 0 1 6 10 6 9 10 10 14 15 15 0
815 0 5 9 8 9 12 7 9 13 13 16 0
816 0 8 10 6 9 5 1 2 6 6 8 0
817 0 21 17 18 14 10 5 6 7 6 1 0
818 0 10 13 10 9 12 9 10 9 5 1 0
819 0 1 5 4 2 5 8 9 6 1 6 0
820 0 1 6 2 7 11 12 17 17 21 17 0
821 0 2 2 4 1 6 9 10 8 3 8 0
822 0 1 2 7 11 8 12 10 14 13 14 0
823 0 13 12 10 10 13 13 9 5 1 5 0
824 0 7 5 8 7 6 1 1 6 4 5 0
825 0 5 2 7 10 14 14 13 13 17 12 0
826 0 3 7 6 2 4 7 8 10 5 1 0
827 0 12 8 4 3 3 1 2 6 9 6 0
828 0 2 2 6 10 9 10 15 17 16 12 0
829 0 13 12 16 17 13 9 9 6 5 1 0
830 0 7 2 7 9 7 2 4 1 2 4 0
831 0 8 8 10 5 4 1 1 5 3 7 0
832 0 8 6 10 6 7 2 1 4 3 3 0
833 0 1 4 4 1 4 7 6 10 13 16 0
834 0 4 4 6 11 10 6 10 14 19 15 0
835 0 5 8 3 4 6 11 9 4 1 5 0
836 0 4 3 8 5 1 5 7 5 9 13 0
837 0 6 8 3 3 8 8 8 4 3 1 0
838 0 12 12 15 10 9 14 14 10 5 1 0
839 0 4 3 3 1 6 4 2 4 3 4 0
840 0 4 1 1 4 6 3 7 3 5 3 0
841 0 11 6 3 8 13 10 5 1 5 2 0
842 0 6 1 4 3 2 1 5 6 7 4 0
843 0 3 3 5 3 5 6 9 8 3 6 0
844 0 8 11 14 12 8 6 6 1 6 8 0
845 0 3 3 8 7 8 11 14 13 16 19 0
846 0 1 6 10 6 2 7 6 8 13 8 0
847 0 14 12 12 7 2 3 1 2 4 7 0
848 0 6 9 5 5 4 2 3 1 3 6 0
849 0 11 9 6 5 3 5 1 4 5 10 0
850 0 4 1 2 5 2 3 4 1 6 3 0
851 0 19 14 16 17 12 11 8 4 6 1 0
852 0 14 9 6 1 2 5 1 6 8 12 0
853 0 1 2 4 1 5 8 7 6 9 9 0
854 0 10 12 12 10 5 5 2 3 4 1 0
855 0 1 3 7 12 14 12 16 12 14 18 0
856 0 4 5 4 4 5 9 5 3 1 2 0
857 0 18 20 18 20 22 17 12 8 4 1 0
858 0 8 6 6 1 4 2 4 7 8 11 0
859 0 1 1 6 6 3 7 10 13 18 14 0
860 0 3 3 7 2 5 4 5 5 1 1 0
861 0 2 5 2 1 6 11 10 9 14 16 0
862 0 17 16 11 12 14 9 12 11 6 1 0
863 0 2 6 1 1 3 6 7 12 11 9 0
864 0 9 8 4 1 3 3 6 2 2 2 0
865 0 3 7 12 14 13 8 13 13 11 10 0
866 0 16 20 16 15 10 10 7 3 1 3 0
867 0 3 3 3 2 2 7 12 7 9 7 0
868 0 7 6 3 1 2 7 10 12 10 13 0
869 0 4 3 4 7 10 8 13 11 16 12 0
870 0 9 7 2 3 1 6 5 9 4 4 0
871 0 8 3 8 10 10 12 11 6 3 1 0
872 0 15 15 10 11 7 6 7 5 4 1 0
873 0 6 2 1 4 7 10 9 12 13 11 0
874 0 4 8 12 17 22 24 23 21 25 29 0
875 0 2 4 1 6 11 12 15 18 20 16 0
876 0 20 20 16 11 10 5 3 1 4 6 0
877 0 8 4 1 6 5 9 8 6 8 8 0
878 0 4 7 4 4 8 5 10 9 6 9 0
879 0 16 11 6 1 5 9 5 5 6 4 0
880 0 23 18 18 20 18 14 9 6 3 1 0
881 0 10 9 5 9 7 7 7 2 1 3 0
882 0 3 7 7 12 10 7 10 13 16 17 0
883 0 5 3 6 1 6 9 9 11 10 12 0
884 0 5 1 1 3 5 2 6 4 9 4 0
885 0 9 8 9 12 7 4 1 2 4 7 0
886 0 18 13 11 6 1 2 1 1 3 3 0
887 0 3 3 5 1 3 8 10 6 8 9 0
888 0 10 8 12 16 17 13 12 11 6 1 0
889 0 1 4 8 12 8 11 11 8 11 12 0
890 0 8 7 2 2 4 9 11 6 4 1 0
891 0 7 2 1 6 10 7 5 8 6 1 0
892 0 2 1 6 9 14 11 11 14 17 14 0
893 0 20 17 16 14 9 13 8 5 1 3 0
894 0 15 13 10 5 4 3 1 4 4 1 0
895 0 14 12 7 3 1 1 3 4 8 12 0
896 0 1 2 6 4 9 12 13 9 7 5 0
897 0 18 16 20 18 16 14 9 5 1 1 0
898 0 5 7 11 6 3 1 1 6 5 5 0
899 0 14 10 5 1 3 4 6 4 9 11 0
900 0 7 5 1 4 6 7 9 5 7 5 0
901 0 1 3 8 12 13 10 6 10 9 14 0
902 0 6 9 13 14 13 10 5 9 9 9 0
903 0 2 7 11 16 19 18 19 19 24 22 0
904 0 4 6 10 5 1 3 3 2 4 3 0
905 0 25 25 21 20 18 15 14 9 5 1 0
906 0 10 11 7 3 2 4 1 6 1 2 0
907 0 5 10 14 18 17 13 16 13 17 20 0
908 0 11 10 6 1 6 9 8 12 8 8 0
909 0 5 10 9 10 14 15 17 18 20 23 0
910 0 6 11 11 13 11 16 12 12 9 13 0
911 0 4 7 10 13 10 10 7 6 9 10 0
912 0 7 5 4 1 1 5 3 5 7 11 0
913 0 1 1 6 6 4 8 8 13 15 14 0
914 0 6 11 6 6 4 1 6 7 4 8 0
915 0 8 4 3 5 4 4 5 3 1 2 0
916 0 1 6 7 6 11 13 9 13 8 11 0
917 0 14 15 16 14 14 12 8 8 5 1 0
918 0 10 6 2 1 1 2 2 4 7 7 0
919 0 12 11 13 9 9 6 1 6 2 6 0
920 0 13 12 11 8 6 1 4 2 1 1 0
921 0 7 6 11 11 14 10 15 10 5 1 0
922 0 1 4 7 6 2 4 5 9 7 3 0
923 0 4 3 3 2 2 5 8 4 1 3 0
924 0 13 13 13 13 11 6 11 8 4 1 0
925 0 1 4 8 4 6 9 13 11 7 3 0
926 0 16 12 14 14 12 10 7 7 6 1 0
927 0 1 2 7 11 8 10 12 13 14 12 0
928 0 2 4 6 10 13 11 16 16 15 14 0
929 0 8 4 8 5 3 4 1 5 9 4 0
930 0 1 2 6 11 16 12 8 9 9 13 0
931 0 5 1 6 11 16 13 12 7 2 5 0
932 0 9 8 7 4 6 8 4 6 4 1 0
933 0 13 11 15 12 10 7 3 1 5 7 0
934 0 3 7 10 8 13 18 23 20 24 21 0
935 0 9 10 5 10 6 7 3 1 5 10 0
936 0 10 10 7 9 10 9 14 9 4 1 0
937 0 2 4 7 11 15 17 15 10 9 10 0
938 0 1 5 8 13 11 7 5 7 4 8 0
939 0 14 17 14 13 9 9 5 1 5 5 0
940 0 3 2 3 7 8 5 9 11 16 12 0
941 0 4 2 3 4 1 6 11 16 17 15 0
942 0 2 1 2 7 12 9 10 14 19 14 0
943 0 2 4 6 1 6 9 5 7 10 15 0
944 0 6 2 2 1 4 9 5 4 7 9 0
945 0 17 12 9 6 1 4 2 1 5 8 0
946 0 5 8 12 12 7 2 1 3 4 1 0
947 0 6 1 6 6 8 11 10 12 16 15 0
948 0 6 2 4 7 8 11 9 5 2 1 0
949 0 3 7 3 1 1 4 6 4 6 1 0
950 0 5 10 11 11 13 14 13 9 7 10 0
951 0 4 5 3 6 1 4 7 11 6 2 0
952 0 10 7 3 4 1 4 5 5 10 6 0
953 0 12 9 6 1 3 8 4 1 2 1 0
954 0 19 22 23 18 14 9 8 3 2 1 0
955 0 2 5 1 6 10 10 9 10 10 10 0
956 0 15 15 10 10 5 1 4 4 8 4 0
957 0 6 6 7 12 14 14 16 18 16 17 0
958 0 5 7 12 16 20 22 27 25 27 25 0
959 0 4 4 6 6 7 4 7 2 1 6 0
960 0 1 3 8 3 6 11 8 11 8 8 0
961 0 12 11 6 9 4 4 4 1 6 6 0
962 0 1 4 5 3 7 7 6 6 9 11 0
963 0 8 9 9 4 1 5 8 11 7 9 0
964 0 6 1 5 7 9 9 7 6 2 6 0
965 0 2 1 4 8 11 14 10 13 9 11 0
966 0 5 3 7 9 10 5 9 10 10 11 0
967 0 5 10 11 8 6 2 3 5 1 2 0
968 0 11 6 8 8 6 1 5 6 9 8 0
969 0 13 18 17 15 11 13 10 5 1 5 0
970 0 2 5 5 2 1 6 1 4 9 7 0
971 0 1 4 9 9 10 7 7 9 7 5 0
972 0 6 1 6 4 5 4 2 5 3 3 0
973 0 4 5 7 11 14 11 13 18 17 16 0
974 0 3 5 1 4 8 12 15 10 14 13 0
975 0 6 9 6 2 7 2 6 5 2 1 0
976 0 5 4 6 1 4 6 8 8 4 2 0
977 0 10 6 11 7 9 7 2 1 6 3 0
978 0 9 6 3 2 5 9 4 1 3 2 0
979 0 21 23 18 17 18 14 9 5 1 5 0
980 0 13 9 11 10 5 5 4 1 6 6 0
981 0 19 24 23 19 16 11 6 1 3 6 0
982 0 2 4 2 7 12 17 21 17 14 13 0
983 0 3 5 6 3 8 7 7 8 5 1 0
984 0 12 13 11 15 12 14 11 7 3 1 0
985 0 9 13 9 12 10 6 6 1 4 6 0
986 0 5 2 6 8 8 11 8 10 10 12 0
987 0 8 9 5 4 1 6 7 4 5 1 0
988 0 1 5 7 7 6 5 3 5 10 14 0
989 0 18 16 11 6 4 1 6 3 7 2 0
990 0 6 11 10 10 15 20 19 20 21 22 0
991 0 1 3 2 6 7 8 12 12 9 10 0
992 0 2 3 3 4 1 4 5 9 5 3 0
993 0 21 16 11 6 4 1 3 1 5 7 0
994 0 2 7 12 9 6 1 5 1 3 2 0
995 0 1 5 10 14 9 9 10 12 17 13 0
996 0 4 6 1 2 6 9 14 14 14 11 0
997 0 1 4 5 2 6 2 7 11 16 20 0
998 0 5 3 5 8 11 10 6 11 7 11 0
999 0 14 13 11 13 13 9 5 1 6 9 0
1000 0 1 4 3 5 10 15 17 20 16 13 0